
Test loss: 1.0938027521771756e-06
Test acc: 100.0
Precision: 0.999999999997561
Recall: 0.999999999997561
F1-Score: 0.9999999949975609