
Test loss: 9.734398780467301e-08
Test acc: 100.0
Precision: 0.9999999999975787
Recall: 0.9999999999975787
F1-Score: 0.9999999949975786