
Test loss: 0.4829327811400873
Test acc: 92.3459412114134
Precision: 0.80860420649941
Recall: 0.9997635933782512
F1-Score: 0.8940803333203658