
Test loss: 0.0005508925359340698
Test acc: 99.99241504854369
Precision: 0.9999999999976575
Recall: 0.9997658079601879
F1-Score: 0.9998828852658395