
Test loss: 5.6478801401037915
Test acc: 98.76644736842105
Precision: 0.9758713136642014
Recall: 0.9972602739634955
F1-Score: 0.9864498594903217