
Test loss: 0.5330648633994555
Test acc: 100.0
Precision: 0.999999999990901
Recall: 0.999999999990901
F1-Score: 0.9999999949909009