
Test loss: 0.537006053129832
Test acc: 99.95833333333334
Precision: 0.9995533720366255
Recall: 0.9995533720366255
F1-Score: 0.9995533670366256