
Test loss: 4.574886411031088
Test acc: 98.2906746031746
Precision: 0.9958997722050301
Recall: 0.9689716312013787
F1-Score: 0.982251174506748