
Test loss: 0.03678832902078284
Test acc: 99.16666666666667
Precision: 0.9824407374847127
Recall: 0.9999999999955318
F1-Score: 0.9911425990704051