
Test loss: 0.0018366046436851533
Test acc: 99.95449029126213
Precision: 0.998561151076742
Recall: 0.9999999999975985
F1-Score: 0.9992800525929969