
Test loss: 8.406556418067531
Test acc: 91.64003759398497
Precision: 0.8639508070648428
Recall: 0.9833770778566635
F1-Score: 0.9198035956680346