
Test loss: 7.749387502670288
Test acc: 90.53453947368422
Precision: 0.9880694143059863
Recall: 0.8083407275882135
F1-Score: 0.8892142458954445