
Test loss: 0.008982079879691204
Test acc: 99.89583333333333
Precision: 0.9977777777733433
Recall: 0.9999999999955457
F1-Score: 0.9988876479432816