
Test loss: 0.0021612467760648534
Test acc: 99.97724514563106
Precision: 0.999763983948549
Recall: 0.9995280792803221
F1-Score: 0.9996460126967561