
Test loss: 19.22237064963893
Test acc: 81.05625557537913
Precision: 0.7414965986293673
Recall: 0.9595070422366284
F1-Score: 0.836531077187481