
Test loss: 9.034761834144593
Test acc: 89.0625
Precision: 0.9795081966811676
Recall: 0.6390374331379937
F1-Score: 0.773462778367738