
Test loss: 5.246307551066081
Test acc: 99.5625
Precision: 0.991394927531742
Recall: 0.9990871748014647
F1-Score: 0.9952261827654978