
Test loss: 0.30717228404406843
Test acc: 100.0
Precision: 0.9999999999009902
Recall: 0.9999999999009902
F1-Score: 0.9999999949009901