
Test loss: 6.432251214981079
Test acc: 93.46217105263158
Precision: 0.9740509370448148
Recall: 0.8847664775168714
F1-Score: 0.9272644048883554