
Test loss: 3.380145413534982
Test acc: 96.4853896103896
Precision: 0.991631799121689
Recall: 0.9011406843763825
F1-Score: 0.944223102543531