
Test loss: 18.199006029184428
Test acc: 99.88978215767634
Precision: 0.9996514464958758
Recall: 0.9983754931527055
F1-Score: 0.9990130574081308