
Test loss: 1.27997820854187
Test acc: 99.9375
Precision: 0.9999999999931177
Recall: 0.9952054794452384
F1-Score: 0.9975969740525686