
Test loss: 3.3394112161227634
Test acc: 95.89082792207792
Precision: 0.9999999999595142
Recall: 0.8884892086011335
F1-Score: 0.9409523759339682