
Test loss: 8.680117062159947
Test acc: 89.21004842615012
Precision: 0.9999999998684211
Recall: 0.6333333332805556
F1-Score: 0.7755101992544775